TFIDF
               	100554newsML.txt  100593newsML.txt  100618newsML.txt  130040newsML.txt  137871newsML.txt  
'm             	|  0.095165597630   0.000000000000   0.000000000000   0.000000000000   0.000000000000   
's             	|  0.090693834344   0.093595320091   0.089203368600   0.139427353384   0.145592889457   
1.0            	|  0.031866754923   0.000000000000   0.000000000000   0.039192056059   0.040925145224   
1.56           	|  0.000000000000   0.000000000000   0.000000000000   0.094428412110   0.049302038059   
1.6            	|  0.047582798815   0.000000000000   0.000000000000   0.000000000000   0.000000000000   
1.85           	|  0.047582798815   0.000000000000   0.000000000000   0.000000000000   0.000000000000   
10             	|  0.031866754923   0.000000000000   0.000000000000   0.039192056059   0.040925145224   
10.40          	|  0.031866754923   0.000000000000   0.000000000000   0.039192056059   0.040925145224   
100            	|  0.000000000000   0.000000000000   0.046800821384   0.000000000000   0.000000000000   
113.5          	|  0.031866754923   0.000000000000   0.000000000000   0.039192056059   0.040925145224   
13.6           	|  0.000000000000   0.000000000000   0.000000000000   0.058520791438   0.000000000000   
130            	|  0.031866754923   0.000000000000   0.000000000000   0.039192056059   0.040925145224   
14.1           	|  0.000000000000   0.000000000000   0.000000000000   0.058520791438   0.000000000000   
15             	|  0.000000000000   0.039284057781   0.000000000000   0.000000000000   0.000000000000   
150            	|  0.038389502478   0.000000000000   0.037758608010   0.000000000000   0.000000000000   
160            	|  0.031866754923   0.000000000000   0.000000000000   0.039192056059   0.040925145224   
1994           	|  0.000000000000   0.039284057781   0.000000000000   0.000000000000   0.000000000000   
1997.          	|  0.031866754923   0.000000000000   0.000000000000   0.039192056059   0.040925145224   
1=.6260        	|  0.000000000000   0.039284057781   0.000000000000   0.000000000000   0.000000000000   
1=.6270        	|  0.000000000000   0.000000000000   0.046800821384   0.000000000000   0.000000000000   
1=.6393        	|  0.038389502478   0.000000000000   0.000000000000   0.000000000000   0.049302038059   
200            	|  0.047582798815   0.000000000000   0.000000000000   0.000000000000   0.000000000000   
2003.          	|  0.031866754923   0.000000000000   0.000000000000   0.039192056059   0.040925145224   
2004           	|  0.047582798815   0.000000000000   0.000000000000   0.000000000000   0.000000000000   
225            	|  0.031866754923   0.000000000000   0.000000000000   0.078384112119   0.081850290448   
23             	|  0.000000000000   0.000000000000   0.046800821384   0.000000000000   0.000000000000   
239.2          	|  0.000000000000   0.000000000000   0.046800821384   0.000000000000   0.000000000000   
24             	|  0.000000000000   0.000000000000   0.000000000000   0.047214206055   0.049302038059   
3.7            	|  0.031866754923   0.000000000000   0.000000000000   0.039192056059   0.040925145224   
30.            	|  0.000000000000   0.000000000000   0.046800821384   0.000000000000   0.000000000000   
350            	|  0.000000000000   0.000000000000   0.046800821384   0.000000000000   0.000000000000   
39             	|  0.031866754923   0.000000000000   0.000000000000   0.039192056059   0.040925145224   
400            	|  0.076779004957   0.000000000000   0.037758608010   0.000000000000   0.000000000000   
45.5           	|  0.031866754923   0.000000000000   0.000000000000   0.039192056059   0.040925145224   
5.8            	|  0.000000000000   0.000000000000   0.000000000000   0.058520791438   0.000000000000   
51             	|  0.000000000000   0.039284057781   0.000000000000   0.000000000000   0.000000000000   
54.5           	|  0.031866754923   0.000000000000   0.000000000000   0.039192056059   0.040925145224   
8.7            	|  0.000000000000   0.000000000000   0.000000000000   0.047214206055   0.049302038059   
82             	|  0.000000000000   0.039284057781   0.000000000000   0.000000000000   0.000000000000   
abil           	|  0.047582798815   0.000000000000   0.000000000000   0.000000000000   0.000000000000   
abl            	|  0.063733509845   0.000000000000   0.000000000000   0.039192056059   0.040925145224   
ac             	|  0.000000000000   0.039284057781   0.000000000000   0.000000000000   0.000000000000   
accept         	|  0.000000000000   0.000000000000   0.000000000000   0.047214206055   0.049302038059   
account        	|  0.000000000000   0.078568115562   0.000000000000   0.000000000000   0.000000000000   
achiev         	|  0.000000000000   0.000000000000   0.000000000000   0.047214206055   0.049302038059   
ad             	|  0.053614637706   0.000000000000   0.026366766409   0.032969593103   0.034427522344   
admit          	|  0.047582798815   0.000000000000   0.000000000000   0.000000000000   0.000000000000   
afford         	|  0.047582798815   0.000000000000   0.000000000000   0.000000000000   0.000000000000   
agre           	|  0.053614637706   0.022131952912   0.000000000000   0.032969593103   0.034427522344   
ahead          	|  0.031866754923   0.000000000000   0.000000000000   0.039192056059   0.040925145224   
alastair       	|  0.031866754923   0.000000000000   0.000000000000   0.039192056059   0.040925145224   
alleg          	|  0.000000000000   0.117852173343   0.000000000000   0.000000000000   0.000000000000   
allow          	|  0.031866754923   0.000000000000   0.000000000000   0.078384112119   0.081850290448   
alreadi        	|  0.038389502478   0.031694130465   0.000000000000   0.000000000000   0.000000000000   
analyst        	|  0.076779004957   0.000000000000   0.113275824031   0.000000000000   0.000000000000   
anglo-french   	|  0.031866754923   0.000000000000   0.000000000000   0.039192056059   0.040925145224   
angri          	|  0.047582798815   0.000000000000   0.000000000000   0.000000000000   0.000000000000   
announc        	|  0.095600264768   0.000000000000   0.000000000000   0.195960280297   0.163700580897   
annual         	|  0.047582798815   0.000000000000   0.000000000000   0.000000000000   0.000000000000   
anoth          	|  0.000000000000   0.000000000000   0.046800821384   0.000000000000   0.000000000000   
anyth          	|  0.000000000000   0.039284057781   0.000000000000   0.000000000000   0.000000000000   
appeal         	|  0.000000000000   0.314272462249   0.000000000000   0.000000000000   0.000000000000   
appel          	|  0.000000000000   0.117852173343   0.000000000000   0.000000000000   0.000000000000   
applic         	|  0.000000000000   0.078568115562   0.000000000000   0.000000000000   0.000000000000   
approv         	|  0.063733509845   0.000000000000   0.000000000000   0.039192056059   0.040925145224   
april          	|  0.000000000000   0.039284057781   0.000000000000   0.000000000000   0.000000000000   
argument       	|  0.000000000000   0.039284057781   0.000000000000   0.000000000000   0.000000000000   
arrang         	|  0.047582798815   0.000000000000   0.000000000000   0.000000000000   0.000000000000   
arriv          	|  0.000000000000   0.039284057781   0.000000000000   0.000000000000   0.000000000000   
ask            	|  0.047582798815   0.000000000000   0.000000000000   0.000000000000   0.000000000000   
asset          	|  0.000000000000   0.000000000000   0.046800821384   0.000000000000   0.000000000000   
assist         	|  0.000000000000   0.039284057781   0.000000000000   0.000000000000   0.000000000000   
attack         	|  0.000000000000   0.000000000000   0.046800821384   0.000000000000   0.000000000000   
august         	|  0.000000000000   0.000000000000   0.046800821384   0.000000000000   0.000000000000   
author         	|  0.000000000000   0.039284057781   0.000000000000   0.000000000000   0.000000000000   
avail          	|  0.047582798815   0.000000000000   0.000000000000   0.000000000000   0.000000000000   
avoid          	|  0.047582798815   0.000000000000   0.000000000000   0.000000000000   0.000000000000   
awar           	|  0.000000000000   0.039284057781   0.000000000000   0.000000000000   0.000000000000   
bag            	|  0.000000000000   0.039284057781   0.000000000000   0.000000000000   0.000000000000   
bank           	|  0.187651231972   0.000000000000   0.184567364861   0.164847965513   0.172137611721   
bankruptci     	|  0.047582798815   0.000000000000   0.000000000000   0.000000000000   0.000000000000   
barclay        	|  0.000000000000   0.000000000000   0.234004106919   0.000000000000   0.000000000000   
basi           	|  0.000000000000   0.039284057781   0.000000000000   0.000000000000   0.000000000000   
becom          	|  0.038389502478   0.000000000000   0.037758608010   0.000000000000   0.000000000000   
benefit        	|  0.000000000000   0.000000000000   0.000000000000   0.047214206055   0.049302038059   
berlusconi     	|  0.000000000000   0.274988404468   0.000000000000   0.000000000000   0.000000000000   
bettino        	|  0.000000000000   0.039284057781   0.000000000000   0.000000000000   0.000000000000   
bifu           	|  0.000000000000   0.000000000000   0.046800821384   0.000000000000   0.000000000000   
billion        	|  0.134036594266   0.000000000000   0.052733532817   0.329695931025   0.206565134066   
bond           	|  0.047582798815   0.000000000000   0.000000000000   0.000000000000   0.000000000000   
bribe          	|  0.000000000000   0.039284057781   0.000000000000   0.000000000000   0.000000000000   
brighter       	|  0.031866754923   0.000000000000   0.000000000000   0.039192056059   0.040925145224   
bring          	|  0.031866754923   0.000000000000   0.000000000000   0.078384112119   0.081850290448   
brink          	|  0.031866754923   0.000000000000   0.000000000000   0.039192056059   0.040925145224   
britain        	|  0.000000000000   0.063388260931   0.075517216021   0.000000000000   0.000000000000   
british        	|  0.000000000000   0.039284057781   0.000000000000   0.000000000000   0.000000000000   
brother        	|  0.000000000000   0.000000000000   0.046800821384   0.000000000000   0.000000000000   
brown          	|  0.000000000000   0.196420288906   0.000000000000   0.000000000000   0.000000000000   
buisi          	|  0.000000000000   0.000000000000   0.046800821384   0.000000000000   0.000000000000   
busi           	|  0.000000000000   0.031694130465   0.490861904136   0.000000000000   0.000000000000   
busiest        	|  0.047582798815   0.000000000000   0.000000000000   0.000000000000   0.000000000000   
ca             	|  0.047582798815   0.000000000000   0.000000000000   0.000000000000   0.000000000000   
cap            	|  0.047582798815   0.000000000000   0.000000000000   0.000000000000   0.000000000000   
case           	|  0.000000000000   0.039284057781   0.000000000000   0.000000000000   0.000000000000   
cash           	|  0.095165597630   0.000000000000   0.000000000000   0.000000000000   0.000000000000   
categori       	|  0.000000000000   0.000000000000   0.093601642767   0.000000000000   0.000000000000   
ceas           	|  0.000000000000   0.000000000000   0.046800821384   0.000000000000   0.000000000000   
channel        	|  0.026807318853   0.044263905824   0.000000000000   0.032969593103   0.034427522344   
charg          	|  0.000000000000   0.039284057781   0.000000000000   0.000000000000   0.000000000000   
choos          	|  0.031866754923   0.000000000000   0.000000000000   0.039192056059   0.040925145224   
chri           	|  0.000000000000   0.039284057781   0.000000000000   0.000000000000   0.000000000000   
clean          	|  0.000000000000   0.000000000000   0.046800821384   0.000000000000   0.000000000000   
clear          	|  0.000000000000   0.000000000000   0.046800821384   0.000000000000   0.000000000000   
club           	|  0.000000000000   0.039284057781   0.000000000000   0.000000000000   0.000000000000   
co-chairman    	|  0.063733509845   0.000000000000   0.000000000000   0.078384112119   0.081850290448   
co-oper        	|  0.000000000000   0.000000000000   0.046800821384   0.000000000000   0.000000000000   
collaps        	|  0.047582798815   0.000000000000   0.000000000000   0.000000000000   0.000000000000   
come           	|  0.076779004957   0.000000000000   0.037758608010   0.000000000000   0.000000000000   
commerci       	|  0.031866754923   0.000000000000   0.000000000000   0.039192056059   0.040925145224   
compani        	|  0.321687826238   0.088527811647   0.000000000000   0.296726337923   0.309847701099   
compet         	|  0.000000000000   0.000000000000   0.046800821384   0.000000000000   0.000000000000   
competit       	|  0.000000000000   0.000000000000   0.046800821384   0.000000000000   0.000000000000   
complex        	|  0.047582798815   0.000000000000   0.000000000000   0.000000000000   0.000000000000   
compris        	|  0.000000000000   0.000000000000   0.046800821384   0.000000000000   0.000000000000   
compromis      	|  0.000000000000   0.000000000000   0.000000000000   0.047214206055   0.049302038059   
comput         	|  0.000000000000   0.000000000000   0.046800821384   0.000000000000   0.000000000000   
confalonieri   	|  0.000000000000   0.039284057781   0.000000000000   0.000000000000   0.000000000000   
confer         	|  0.095165597630   0.000000000000   0.000000000000   0.000000000000   0.000000000000   
confirm        	|  0.000000000000   0.000000000000   0.046800821384   0.000000000000   0.000000000000   
connect        	|  0.000000000000   0.039284057781   0.000000000000   0.000000000000   0.000000000000   
consider       	|  0.063733509845   0.000000000000   0.000000000000   0.078384112119   0.081850290448   
consolid       	|  0.026807318853   0.000000000000   0.079100299226   0.032969593103   0.034427522344   
constitut      	|  0.047582798815   0.000000000000   0.000000000000   0.000000000000   0.000000000000   
construct      	|  0.031866754923   0.000000000000   0.000000000000   0.039192056059   0.040925145224   
convert        	|  0.031866754923   0.000000000000   0.000000000000   0.039192056059   0.040925145224   
convict        	|  0.000000000000   0.039284057781   0.000000000000   0.000000000000   0.000000000000   
core           	|  0.000000000000   0.000000000000   0.046800821384   0.000000000000   0.000000000000   
corrupt        	|  0.000000000000   0.039284057781   0.000000000000   0.000000000000   0.000000000000   
cost           	|  0.047582798815   0.000000000000   0.000000000000   0.000000000000   0.000000000000   
court          	|  0.000000000000   0.078568115562   0.000000000000   0.000000000000   0.000000000000   
coy            	|  0.000000000000   0.000000000000   0.046800821384   0.000000000000   0.000000000000   
craxi          	|  0.000000000000   0.039284057781   0.000000000000   0.000000000000   0.000000000000   
creditor       	|  0.063733509845   0.000000000000   0.000000000000   0.039192056059   0.040925145224   
crimin         	|  0.000000000000   0.039284057781   0.000000000000   0.000000000000   0.000000000000   
crippl         	|  0.031866754923   0.000000000000   0.000000000000   0.039192056059   0.040925145224   
cross-channel  	|  0.031866754923   0.000000000000   0.000000000000   0.039192056059   0.040925145224   
current        	|  0.076779004957   0.031694130465   0.000000000000   0.000000000000   0.000000000000   
custodi        	|  0.000000000000   0.000000000000   0.327605749686   0.000000000000   0.000000000000   
date           	|  0.000000000000   0.000000000000   0.000000000000   0.047214206055   0.049302038059   
david          	|  0.000000000000   0.039284057781   0.000000000000   0.000000000000   0.000000000000   
deal           	|  0.187651231972   0.000000000000   0.026366766409   0.098908779308   0.103282567033   
debt           	|  0.191200529536   0.000000000000   0.000000000000   0.156768224238   0.163700580897   
debt-for-equ   	|  0.031866754923   0.000000000000   0.000000000000   0.039192056059   0.040925145224   
decemb         	|  0.031866754923   0.000000000000   0.000000000000   0.039192056059   0.040925145224   
decid          	|  0.000000000000   0.031694130465   0.037758608010   0.000000000000   0.000000000000   
decis          	|  0.000000000000   0.031694130465   0.037758608010   0.000000000000   0.000000000000   
depreci        	|  0.047582798815   0.000000000000   0.000000000000   0.000000000000   0.000000000000   
describ        	|  0.000000000000   0.039284057781   0.000000000000   0.000000000000   0.000000000000   
despit         	|  0.047582798815   0.000000000000   0.000000000000   0.000000000000   0.000000000000   
develop        	|  0.031866754923   0.000000000000   0.000000000000   0.039192056059   0.040925145224   
dickson        	|  0.000000000000   0.039284057781   0.000000000000   0.000000000000   0.000000000000   
difficult      	|  0.047582798815   0.000000000000   0.000000000000   0.000000000000   0.000000000000   
dilut          	|  0.031866754923   0.000000000000   0.000000000000   0.039192056059   0.040925145224   
director       	|  0.000000000000   0.039284057781   0.000000000000   0.000000000000   0.000000000000   
discuss        	|  0.000000000000   0.000000000000   0.093601642767   0.000000000000   0.000000000000   
dividend       	|  0.063733509845   0.000000000000   0.000000000000   0.039192056059   0.040925145224   
document       	|  0.000000000000   0.117852173343   0.000000000000   0.000000000000   0.000000000000   
domin          	|  0.000000000000   0.000000000000   0.093601642767   0.000000000000   0.000000000000   
donat          	|  0.000000000000   0.039284057781   0.000000000000   0.000000000000   0.000000000000   
doomsday       	|  0.047582798815   0.000000000000   0.000000000000   0.000000000000   0.000000000000   
dwindl         	|  0.047582798815   0.000000000000   0.000000000000   0.000000000000   0.000000000000   
earli          	|  0.095600264768   0.000000000000   0.000000000000   0.039192056059   0.040925145224   
earlier        	|  0.000000000000   0.039284057781   0.000000000000   0.000000000000   0.000000000000   
east           	|  0.000000000000   0.000000000000   0.046800821384   0.000000000000   0.000000000000   
econom         	|  0.000000000000   0.000000000000   0.046800821384   0.000000000000   0.000000000000   
economi        	|  0.000000000000   0.000000000000   0.046800821384   0.000000000000   0.000000000000   
end            	|  0.026807318853   0.022131952912   0.000000000000   0.065939186205   0.068855044689   
english        	|  0.000000000000   0.039284057781   0.000000000000   0.000000000000   0.000000000000   
entitl         	|  0.031866754923   0.000000000000   0.000000000000   0.039192056059   0.040925145224   
equiti         	|  0.047582798815   0.000000000000   0.000000000000   0.000000000000   0.000000000000   
european       	|  0.031866754923   0.000000000000   0.000000000000   0.039192056059   0.040925145224   
eurotunnel     	|  0.318667549226   0.000000000000   0.000000000000   0.431112616654   0.450176597466   
exist          	|  0.031866754923   0.000000000000   0.000000000000   0.039192056059   0.040925145224   
expect         	|  0.000000000000   0.031694130465   0.037758608010   0.000000000000   0.000000000000   
expedit        	|  0.000000000000   0.039284057781   0.000000000000   0.000000000000   0.000000000000   
explor         	|  0.000000000000   0.000000000000   0.046800821384   0.000000000000   0.000000000000   
extend         	|  0.000000000000   0.000000000000   0.000000000000   0.047214206055   0.049302038059   
face           	|  0.000000000000   0.000000000000   0.046800821384   0.000000000000   0.000000000000   
fals           	|  0.000000000000   0.078568115562   0.000000000000   0.000000000000   0.000000000000   
far            	|  0.000000000000   0.000000000000   0.046800821384   0.000000000000   0.000000000000   
far-reach      	|  0.000000000000   0.039284057781   0.000000000000   0.000000000000   0.000000000000   
fedel          	|  0.000000000000   0.039284057781   0.000000000000   0.000000000000   0.000000000000   
fee            	|  0.000000000000   0.000000000000   0.046800821384   0.000000000000   0.000000000000   
ferri          	|  0.031866754923   0.000000000000   0.000000000000   0.039192056059   0.040925145224   
fifti          	|  0.000000000000   0.000000000000   0.046800821384   0.000000000000   0.000000000000   
fight          	|  0.000000000000   0.039284057781   0.000000000000   0.000000000000   0.000000000000   
finalis        	|  0.026807318853   0.000000000000   0.026366766409   0.032969593103   0.034427522344   
financ         	|  0.038389502478   0.000000000000   0.037758608010   0.000000000000   0.000000000000   
financi        	|  0.063733509845   0.000000000000   0.000000000000   0.078384112119   0.081850290448   
fininvest      	|  0.000000000000   0.078568115562   0.000000000000   0.000000000000   0.000000000000   
firm           	|  0.031866754923   0.000000000000   0.000000000000   0.039192056059   0.040925145224   
fish           	|  0.000000000000   0.039284057781   0.000000000000   0.000000000000   0.000000000000   
fix            	|  0.047582798815   0.000000000000   0.000000000000   0.000000000000   0.000000000000   
flow           	|  0.047582798815   0.000000000000   0.000000000000   0.000000000000   0.000000000000   
follow         	|  0.000000000000   0.000000000000   0.000000000000   0.047214206055   0.049302038059   
footbal        	|  0.000000000000   0.039284057781   0.000000000000   0.000000000000   0.000000000000   
formula        	|  0.047582798815   0.000000000000   0.000000000000   0.000000000000   0.000000000000   
forward        	|  0.038389502478   0.063388260931   0.000000000000   0.000000000000   0.000000000000   
franc          	|  0.053614637706   0.000000000000   0.026366766409   0.032969593103   0.034427522344   
fraud          	|  0.000000000000   0.196420288906   0.000000000000   0.000000000000   0.000000000000   
free           	|  0.031866754923   0.000000000000   0.000000000000   0.039192056059   0.040925145224   
french         	|  0.031866754923   0.000000000000   0.000000000000   0.039192056059   0.040925145224   
friday         	|  0.000000000000   0.117852173343   0.000000000000   0.000000000000   0.000000000000   
front-end      	|  0.000000000000   0.000000000000   0.046800821384   0.000000000000   0.000000000000   
futur          	|  0.053614637706   0.000000000000   0.052733532817   0.032969593103   0.034427522344   
gage           	|  0.000000000000   0.039284057781   0.000000000000   0.000000000000   0.000000000000   
game           	|  0.047582798815   0.000000000000   0.000000000000   0.000000000000   0.000000000000   
given          	|  0.000000000000   0.039284057781   0.000000000000   0.000000000000   0.000000000000   
global         	|  0.000000000000   0.000000000000   0.187203285535   0.000000000000   0.000000000000   
gone           	|  0.000000000000   0.039284057781   0.000000000000   0.000000000000   0.000000000000   
grant          	|  0.047582798815   0.000000000000   0.000000000000   0.000000000000   0.000000000000   
ground         	|  0.000000000000   0.117852173343   0.000000000000   0.000000000000   0.000000000000   
group          	|  0.038389502478   0.000000000000   0.075517216021   0.000000000000   0.000000000000   
guarante       	|  0.000000000000   0.000000000000   0.046800821384   0.000000000000   0.000000000000   
guilt          	|  0.000000000000   0.039284057781   0.000000000000   0.000000000000   0.000000000000   
half           	|  0.031866754923   0.000000000000   0.000000000000   0.039192056059   0.040925145224   
half-year      	|  0.000000000000   0.000000000000   0.046800821384   0.000000000000   0.000000000000   
happen         	|  0.047582798815   0.000000000000   0.000000000000   0.000000000000   0.000000000000   
happi          	|  0.000000000000   0.039284057781   0.000000000000   0.000000000000   0.000000000000   
hear           	|  0.000000000000   0.196420288906   0.000000000000   0.000000000000   0.000000000000   
help           	|  0.047582798815   0.000000000000   0.000000000000   0.000000000000   0.000000000000   
high           	|  0.000000000000   0.039284057781   0.000000000000   0.000000000000   0.000000000000   
highli         	|  0.031866754923   0.000000000000   0.000000000000   0.039192056059   0.040925145224   
hold           	|  0.038389502478   0.031694130465   0.000000000000   0.000000000000   0.000000000000   
holder         	|  0.000000000000   0.000000000000   0.000000000000   0.047214206055   0.049302038059   
home           	|  0.000000000000   0.039284057781   0.000000000000   0.000000000000   0.000000000000   
hope           	|  0.047582798815   0.000000000000   0.000000000000   0.000000000000   0.000000000000   
hous           	|  0.000000000000   0.117852173343   0.000000000000   0.000000000000   0.000000000000   
howev          	|  0.000000000000   0.039284057781   0.000000000000   0.000000000000   0.000000000000   
illeg          	|  0.000000000000   0.039284057781   0.000000000000   0.000000000000   0.000000000000   
illicit        	|  0.000000000000   0.039284057781   0.000000000000   0.000000000000   0.000000000000   
immedi         	|  0.000000000000   0.039284057781   0.000000000000   0.000000000000   0.000000000000   
imper          	|  0.000000000000   0.039284057781   0.000000000000   0.000000000000   0.000000000000   
includ         	|  0.000000000000   0.000000000000   0.140402464151   0.000000000000   0.000000000000   
incom          	|  0.000000000000   0.000000000000   0.046800821384   0.000000000000   0.000000000000   
individu       	|  0.000000000000   0.039284057781   0.000000000000   0.000000000000   0.000000000000   
ingeni         	|  0.047582798815   0.000000000000   0.000000000000   0.000000000000   0.000000000000   
insensit       	|  0.000000000000   0.000000000000   0.046800821384   0.000000000000   0.000000000000   
insolv         	|  0.000000000000   0.000000000000   0.000000000000   0.047214206055   0.049302038059   
inspector      	|  0.000000000000   0.039284057781   0.000000000000   0.000000000000   0.000000000000   
instruct       	|  0.000000000000   0.000000000000   0.000000000000   0.047214206055   0.049302038059   
instrument     	|  0.031866754923   0.000000000000   0.000000000000   0.039192056059   0.040925145224   
intent         	|  0.000000000000   0.000000000000   0.046800821384   0.000000000000   0.000000000000   
interim        	|  0.000000000000   0.000000000000   0.046800821384   0.000000000000   0.000000000000   
intern         	|  0.000000000000   0.078568115562   0.000000000000   0.000000000000   0.000000000000   
invest         	|  0.076779004957   0.000000000000   0.113275824031   0.000000000000   0.000000000000   
investig       	|  0.000000000000   0.117852173343   0.000000000000   0.000000000000   0.000000000000   
involv         	|  0.000000000000   0.039284057781   0.000000000000   0.000000000000   0.000000000000   
issu           	|  0.095600264768   0.000000000000   0.000000000000   0.039192056059   0.040925145224   
itali          	|  0.000000000000   0.078568115562   0.000000000000   0.000000000000   0.000000000000   
italian        	|  0.000000000000   0.274988404468   0.000000000000   0.000000000000   0.000000000000   
job            	|  0.000000000000   0.039284057781   0.000000000000   0.000000000000   0.000000000000   
john           	|  0.000000000000   0.000000000000   0.046800821384   0.000000000000   0.000000000000   
judg           	|  0.000000000000   0.117852173343   0.000000000000   0.000000000000   0.000000000000   
judgement      	|  0.000000000000   0.078568115562   0.000000000000   0.000000000000   0.000000000000   
june           	|  0.000000000000   0.000000000000   0.046800821384   0.000000000000   0.000000000000   
justic         	|  0.000000000000   0.078568115562   0.000000000000   0.000000000000   0.000000000000   
justifi        	|  0.000000000000   0.039284057781   0.000000000000   0.000000000000   0.000000000000   
larg           	|  0.000000000000   0.031694130465   0.113275824031   0.000000000000   0.000000000000   
larger         	|  0.000000000000   0.039284057781   0.000000000000   0.000000000000   0.000000000000   
late           	|  0.000000000000   0.026308991334   0.000000000000   0.039192056059   0.040925145224   
later          	|  0.000000000000   0.000000000000   0.046800821384   0.000000000000   0.000000000000   
law            	|  0.000000000000   0.039284057781   0.000000000000   0.000000000000   0.000000000000   
lawyer         	|  0.000000000000   0.078568115562   0.000000000000   0.000000000000   0.000000000000   
lead           	|  0.000000000000   0.026308991334   0.000000000000   0.039192056059   0.040925145224   
leak           	|  0.000000000000   0.000000000000   0.046800821384   0.000000000000   0.000000000000   
leav           	|  0.026807318853   0.022131952912   0.000000000000   0.032969593103   0.034427522344   
legal          	|  0.000000000000   0.039284057781   0.000000000000   0.000000000000   0.000000000000   
lend           	|  0.000000000000   0.000000000000   0.093601642767   0.000000000000   0.000000000000   
leonard        	|  0.000000000000   0.000000000000   0.140402464151   0.000000000000   0.000000000000   
level          	|  0.022673458586   0.018719064018   0.022300842150   0.027885470677   0.029118577891   
lifelin        	|  0.047582798815   0.000000000000   0.000000000000   0.000000000000   0.000000000000   
like           	|  0.047582798815   0.000000000000   0.000000000000   0.000000000000   0.000000000000   
link           	|  0.000000000000   0.039284057781   0.000000000000   0.000000000000   0.000000000000   
lloyd          	|  0.000000000000   0.000000000000   0.046800821384   0.000000000000   0.000000000000   
london         	|  0.026807318853   0.044263905824   0.000000000000   0.065939186205   0.068855044689   
long-await     	|  0.031866754923   0.000000000000   0.000000000000   0.039192056059   0.040925145224   
long-term      	|  0.000000000000   0.000000000000   0.046800821384   0.000000000000   0.000000000000   
look           	|  0.031866754923   0.026308991334   0.031343055523   0.000000000000   0.000000000000   
lord           	|  0.000000000000   0.157136231124   0.000000000000   0.000000000000   0.000000000000   
lost           	|  0.000000000000   0.039284057781   0.000000000000   0.000000000000   0.000000000000   
low            	|  0.000000000000   0.000000000000   0.046800821384   0.000000000000   0.000000000000   
main           	|  0.000000000000   0.039284057781   0.000000000000   0.000000000000   0.000000000000   
major          	|  0.047582798815   0.000000000000   0.000000000000   0.000000000000   0.000000000000   
make           	|  0.022673458586   0.018719064018   0.022300842150   0.027885470677   0.029118577891   
mark           	|  0.000000000000   0.000000000000   0.046800821384   0.000000000000   0.000000000000   
market         	|  0.026807318853   0.000000000000   0.052733532817   0.032969593103   0.034427522344   
massiv         	|  0.047582798815   0.000000000000   0.000000000000   0.000000000000   0.000000000000   
maximum        	|  0.047582798815   0.000000000000   0.000000000000   0.000000000000   0.000000000000   
mean           	|  0.000000000000   0.039284057781   0.000000000000   0.000000000000   0.000000000000   
measur         	|  0.000000000000   0.000000000000   0.046800821384   0.000000000000   0.000000000000   
medium         	|  0.038389502478   0.000000000000   0.000000000000   0.000000000000   0.049302038059   
medium-term    	|  0.000000000000   0.000000000000   0.000000000000   0.058520791438   0.000000000000   
meet           	|  0.031866754923   0.000000000000   0.000000000000   0.039192056059   0.040925145224   
milan          	|  0.000000000000   0.117852173343   0.000000000000   0.000000000000   0.000000000000   
million        	|  0.095600264768   0.052617982668   0.094029166570   0.000000000000   0.000000000000   
minist         	|  0.000000000000   0.117852173343   0.000000000000   0.000000000000   0.000000000000   
monday         	|  0.053614637706   0.000000000000   0.026366766409   0.098908779308   0.103282567033   
month          	|  0.026807318853   0.022131952912   0.000000000000   0.065939186205   0.068855044689   
morgan         	|  0.000000000000   0.000000000000   0.140402464151   0.000000000000   0.000000000000   
morn           	|  0.000000000000   0.039284057781   0.000000000000   0.000000000000   0.000000000000   
morton         	|  0.127467019691   0.000000000000   0.000000000000   0.039192056059   0.040925145224   
mountain       	|  0.000000000000   0.000000000000   0.000000000000   0.000000000000   0.061108605392   
mr             	|  0.000000000000   0.039284057781   0.000000000000   0.000000000000   0.000000000000   
multi-facet    	|  0.000000000000   0.039284057781   0.000000000000   0.000000000000   0.000000000000   
n't            	|  0.047582798815   0.000000000000   0.000000000000   0.000000000000   0.000000000000   
natur          	|  0.000000000000   0.000000000000   0.046800821384   0.000000000000   0.000000000000   
nearli         	|  0.063733509845   0.000000000000   0.000000000000   0.039192056059   0.040925145224   
necessari      	|  0.000000000000   0.000000000000   0.046800821384   0.000000000000   0.000000000000   
need           	|  0.000000000000   0.000000000000   0.046800821384   0.000000000000   0.000000000000   
negoti         	|  0.031866754923   0.000000000000   0.000000000000   0.078384112119   0.081850290448   
new            	|  0.031866754923   0.000000000000   0.000000000000   0.039192056059   0.040925145224   
news           	|  0.095165597630   0.000000000000   0.000000000000   0.000000000000   0.000000000000   
nobodi         	|  0.095165597630   0.000000000000   0.000000000000   0.000000000000   0.000000000000   
note           	|  0.115168507435   0.031694130465   0.000000000000   0.000000000000   0.000000000000   
noth           	|  0.000000000000   0.039284057781   0.000000000000   0.000000000000   0.000000000000   
number         	|  0.000000000000   0.078568115562   0.000000000000   0.000000000000   0.000000000000   
offenc         	|  0.000000000000   0.039284057781   0.000000000000   0.000000000000   0.000000000000   
offer          	|  0.031866754923   0.000000000000   0.000000000000   0.039192056059   0.040925145224   
offic          	|  0.000000000000   0.157136231124   0.000000000000   0.000000000000   0.000000000000   
offshor        	|  0.000000000000   0.039284057781   0.000000000000   0.000000000000   0.000000000000   
oper           	|  0.095600264768   0.000000000000   0.000000000000   0.117576168178   0.122775435673   
outstand       	|  0.000000000000   0.000000000000   0.000000000000   0.047214206055   0.049302038059   
owe            	|  0.000000000000   0.000000000000   0.000000000000   0.047214206055   0.049302038059   
paper          	|  0.000000000000   0.157136231124   0.000000000000   0.000000000000   0.000000000000   
pari           	|  0.063733509845   0.000000000000   0.000000000000   0.039192056059   0.040925145224   
particip       	|  0.031866754923   0.000000000000   0.000000000000   0.039192056059   0.040925145224   
patient        	|  0.031866754923   0.000000000000   0.000000000000   0.039192056059   0.040925145224   
patrick        	|  0.031866754923   0.000000000000   0.000000000000   0.039192056059   0.040925145224   
pay            	|  0.080421956560   0.000000000000   0.026366766409   0.032969593103   0.034427522344   
payment        	|  0.053614637706   0.022131952912   0.000000000000   0.032969593103   0.034427522344   
penc           	|  0.095600264768   0.000000000000   0.000000000000   0.117576168178   0.122775435673   
percent        	|  0.095600264768   0.000000000000   0.000000000000   0.117576168178   0.122775435673   
perform        	|  0.053614637706   0.000000000000   0.026366766409   0.032969593103   0.034427522344   
place          	|  0.000000000000   0.031694130465   0.037758608010   0.000000000000   0.000000000000   
plan           	|  0.063733509845   0.000000000000   0.000000000000   0.117576168178   0.122775435673   
plc            	|  0.000000000000   0.000000000000   0.046800821384   0.000000000000   0.000000000000   
point          	|  0.000000000000   0.039284057781   0.000000000000   0.000000000000   0.000000000000   
polit          	|  0.000000000000   0.039284057781   0.000000000000   0.000000000000   0.000000000000   
politician     	|  0.000000000000   0.039284057781   0.000000000000   0.000000000000   0.000000000000   
ponsol         	|  0.031866754923   0.000000000000   0.000000000000   0.039192056059   0.040925145224   
posit          	|  0.047582798815   0.000000000000   0.000000000000   0.000000000000   0.000000000000   
potenti        	|  0.000000000000   0.000000000000   0.046800821384   0.000000000000   0.000000000000   
pound          	|  0.181387668687   0.037438128037   0.111504210750   0.111541882707   0.145592889457   
presid         	|  0.000000000000   0.039284057781   0.000000000000   0.000000000000   0.000000000000   
press          	|  0.000000000000   0.000000000000   0.046800821384   0.000000000000   0.000000000000   
presum         	|  0.000000000000   0.000000000000   0.046800821384   0.000000000000   0.000000000000   
presumpt       	|  0.000000000000   0.039284057781   0.000000000000   0.000000000000   0.000000000000   
pretti         	|  0.047582798815   0.000000000000   0.000000000000   0.000000000000   0.000000000000   
primarili      	|  0.000000000000   0.000000000000   0.046800821384   0.000000000000   0.000000000000   
prime          	|  0.000000000000   0.117852173343   0.000000000000   0.000000000000   0.000000000000   
probabl        	|  0.031866754923   0.000000000000   0.000000000000   0.039192056059   0.040925145224   
proceed        	|  0.000000000000   0.039284057781   0.000000000000   0.000000000000   0.000000000000   
profit         	|  0.026807318853   0.000000000000   0.026366766409   0.032969593103   0.034427522344   
prosecut       	|  0.000000000000   0.039284057781   0.000000000000   0.000000000000   0.000000000000   
prospect       	|  0.031866754923   0.000000000000   0.000000000000   0.039192056059   0.040925145224   
provid         	|  0.031866754923   0.000000000000   0.000000000000   0.039192056059   0.040925145224   
publish        	|  0.000000000000   0.000000000000   0.046800821384   0.000000000000   0.000000000000   
purpos         	|  0.000000000000   0.039284057781   0.000000000000   0.000000000000   0.000000000000   
question       	|  0.000000000000   0.039284057781   0.000000000000   0.000000000000   0.000000000000   
rais           	|  0.000000000000   0.039284057781   0.000000000000   0.000000000000   0.000000000000   
rake           	|  0.000000000000   0.000000000000   0.046800821384   0.000000000000   0.000000000000   
rang           	|  0.000000000000   0.000000000000   0.046800821384   0.000000000000   0.000000000000   
reap           	|  0.000000000000   0.000000000000   0.000000000000   0.047214206055   0.049302038059   
recognis       	|  0.000000000000   0.039284057781   0.000000000000   0.000000000000   0.000000000000   
reduc          	|  0.063733509845   0.000000000000   0.000000000000   0.117576168178   0.122775435673   
reject         	|  0.038389502478   0.095082391396   0.000000000000   0.000000000000   0.000000000000   
rel            	|  0.000000000000   0.000000000000   0.046800821384   0.000000000000   0.000000000000   
remov          	|  0.000000000000   0.039284057781   0.000000000000   0.000000000000   0.000000000000   
report         	|  0.080421956560   0.000000000000   0.026366766409   0.032969593103   0.034427522344   
repres         	|  0.000000000000   0.039284057781   0.000000000000   0.000000000000   0.000000000000   
request        	|  0.000000000000   0.039284057781   0.000000000000   0.000000000000   0.000000000000   
requir         	|  0.000000000000   0.000000000000   0.046800821384   0.000000000000   0.000000000000   
respond        	|  0.000000000000   0.000000000000   0.046800821384   0.000000000000   0.000000000000   
restructur     	|  0.026807318853   0.000000000000   0.052733532817   0.098908779308   0.103282567033   
result         	|  0.000000000000   0.000000000000   0.046800821384   0.000000000000   0.000000000000   
resum          	|  0.031866754923   0.000000000000   0.000000000000   0.039192056059   0.040925145224   
return         	|  0.031866754923   0.000000000000   0.000000000000   0.039192056059   0.040925145224   
revenu         	|  0.038389502478   0.031694130465   0.000000000000   0.000000000000   0.000000000000   
risk           	|  0.000000000000   0.000000000000   0.046800821384   0.000000000000   0.000000000000   
risk-fre       	|  0.000000000000   0.000000000000   0.046800821384   0.000000000000   0.000000000000   
roll           	|  0.047582798815   0.000000000000   0.000000000000   0.000000000000   0.000000000000   
rout           	|  0.047582798815   0.000000000000   0.000000000000   0.000000000000   0.000000000000   
royal          	|  0.000000000000   0.000000000000   0.046800821384   0.000000000000   0.000000000000   
rule           	|  0.000000000000   0.117852173343   0.000000000000   0.000000000000   0.000000000000   
run            	|  0.038389502478   0.000000000000   0.000000000000   0.000000000000   0.049302038059   
safekeep       	|  0.000000000000   0.000000000000   0.046800821384   0.000000000000   0.000000000000   
said           	|  0.204061127273   0.168471576164   0.156105895050   0.223083765415   0.232948623132   
sale           	|  0.000000000000   0.000000000000   0.046800821384   0.000000000000   0.000000000000   
salomon        	|  0.000000000000   0.000000000000   0.046800821384   0.000000000000   0.000000000000   
say            	|  0.000000000000   0.000000000000   0.093601642767   0.000000000000   0.000000000000   
scale          	|  0.000000000000   0.000000000000   0.046800821384   0.000000000000   0.000000000000   
scenario       	|  0.047582798815   0.000000000000   0.000000000000   0.000000000000   0.000000000000   
scotland       	|  0.000000000000   0.000000000000   0.046800821384   0.000000000000   0.000000000000   
scratch        	|  0.000000000000   0.000000000000   0.046800821384   0.000000000000   0.000000000000   
search         	|  0.000000000000   0.039284057781   0.000000000000   0.000000000000   0.000000000000   
secret         	|  0.000000000000   0.000000000000   0.000000000000   0.047214206055   0.049302038059   
secur          	|  0.038389502478   0.000000000000   0.075517216021   0.000000000000   0.000000000000   
seen           	|  0.047582798815   0.000000000000   0.000000000000   0.000000000000   0.000000000000   
seiz           	|  0.000000000000   0.039284057781   0.000000000000   0.000000000000   0.000000000000   
senior         	|  0.000000000000   0.039284057781   0.000000000000   0.000000000000   0.000000000000   
sent           	|  0.000000000000   0.039284057781   0.000000000000   0.000000000000   0.000000000000   
seriou         	|  0.000000000000   0.039284057781   0.000000000000   0.000000000000   0.000000000000   
seven          	|  0.038389502478   0.031694130465   0.000000000000   0.000000000000   0.000000000000   
sfo            	|  0.000000000000   0.196420288906   0.000000000000   0.000000000000   0.000000000000   
share          	|  0.063733509845   0.000000000000   0.000000000000   0.117576168178   0.122775435673   
sharehold      	|  0.223067284458   0.000000000000   0.000000000000   0.235152336357   0.245550871345   
signific       	|  0.000000000000   0.000000000000   0.046800821384   0.000000000000   0.000000000000   
silvio         	|  0.000000000000   0.039284057781   0.000000000000   0.000000000000   0.000000000000   
simon          	|  0.000000000000   0.039284057781   0.000000000000   0.000000000000   0.000000000000   
simultan       	|  0.031866754923   0.000000000000   0.000000000000   0.039192056059   0.040925145224   
small          	|  0.000000000000   0.000000000000   0.046800821384   0.000000000000   0.000000000000   
sold           	|  0.000000000000   0.000000000000   0.046800821384   0.000000000000   0.000000000000   
sourc          	|  0.000000000000   0.031694130465   0.037758608010   0.000000000000   0.000000000000   
specul         	|  0.000000000000   0.000000000000   0.046800821384   0.000000000000   0.000000000000   
speedi         	|  0.000000000000   0.039284057781   0.000000000000   0.000000000000   0.000000000000   
spring         	|  0.047582798815   0.000000000000   0.000000000000   0.000000000000   0.000000000000   
stabil         	|  0.031866754923   0.000000000000   0.000000000000   0.039192056059   0.040925145224   
stabilis       	|  0.095165597630   0.000000000000   0.000000000000   0.000000000000   0.000000000000   
staff          	|  0.000000000000   0.000000000000   0.093601642767   0.000000000000   0.000000000000   
stage          	|  0.000000000000   0.000000000000   0.046800821384   0.000000000000   0.000000000000   
stanley        	|  0.000000000000   0.000000000000   0.140402464151   0.000000000000   0.000000000000   
state          	|  0.000000000000   0.000000000000   0.046800821384   0.000000000000   0.000000000000   
statement      	|  0.031866754923   0.026308991334   0.000000000000   0.000000000000   0.040925145224   
steadi         	|  0.000000000000   0.000000000000   0.046800821384   0.000000000000   0.000000000000   
stem           	|  0.000000000000   0.039284057781   0.000000000000   0.000000000000   0.000000000000   
step           	|  0.000000000000   0.000000000000   0.093601642767   0.000000000000   0.000000000000   
stock          	|  0.000000000000   0.000000000000   0.046800821384   0.000000000000   0.000000000000   
stream         	|  0.000000000000   0.000000000000   0.046800821384   0.000000000000   0.000000000000   
strengthen     	|  0.000000000000   0.039284057781   0.000000000000   0.000000000000   0.000000000000   
strong         	|  0.031866754923   0.000000000000   0.000000000000   0.039192056059   0.040925145224   
submit         	|  0.031866754923   0.000000000000   0.000000000000   0.039192056059   0.040925145224   
subscrib       	|  0.031866754923   0.000000000000   0.000000000000   0.039192056059   0.040925145224   
substanti      	|  0.000000000000   0.000000000000   0.000000000000   0.047214206055   0.049302038059   
succeed        	|  0.000000000000   0.039284057781   0.000000000000   0.000000000000   0.000000000000   
success        	|  0.000000000000   0.000000000000   0.000000000000   0.047214206055   0.049302038059   
sum            	|  0.000000000000   0.000000000000   0.046800821384   0.000000000000   0.000000000000   
surreptiti     	|  0.000000000000   0.039284057781   0.000000000000   0.000000000000   0.000000000000   
suspect        	|  0.000000000000   0.039284057781   0.000000000000   0.000000000000   0.000000000000   
suspend        	|  0.031866754923   0.000000000000   0.000000000000   0.039192056059   0.040925145224   
sustain        	|  0.047582798815   0.000000000000   0.000000000000   0.000000000000   0.000000000000   
swap           	|  0.063733509845   0.000000000000   0.000000000000   0.039192056059   0.040925145224   
syndic         	|  0.000000000000   0.000000000000   0.000000000000   0.047214206055   0.049302038059   
taken          	|  0.026807318853   0.000000000000   0.026366766409   0.032969593103   0.034427522344   
talk           	|  0.000000000000   0.000000000000   0.046800821384   0.000000000000   0.000000000000   
term           	|  0.038389502478   0.000000000000   0.000000000000   0.000000000000   0.049302038059   
thought        	|  0.000000000000   0.039284057781   0.000000000000   0.000000000000   0.000000000000   
throw          	|  0.047582798815   0.000000000000   0.000000000000   0.000000000000   0.000000000000   
time           	|  0.038389502478   0.000000000000   0.037758608010   0.000000000000   0.000000000000   
today          	|  0.000000000000   0.039284057781   0.000000000000   0.000000000000   0.000000000000   
told           	|  0.095165597630   0.000000000000   0.000000000000   0.000000000000   0.000000000000   
total          	|  0.000000000000   0.000000000000   0.046800821384   0.000000000000   0.000000000000   
trade          	|  0.031866754923   0.000000000000   0.000000000000   0.039192056059   0.040925145224   
tradit         	|  0.000000000000   0.000000000000   0.046800821384   0.000000000000   0.000000000000   
transfer       	|  0.000000000000   0.117852173343   0.000000000000   0.000000000000   0.000000000000   
transit        	|  0.000000000000   0.000000000000   0.093601642767   0.000000000000   0.000000000000   
treat          	|  0.000000000000   0.000000000000   0.046800821384   0.000000000000   0.000000000000   
trial          	|  0.000000000000   0.039284057781   0.000000000000   0.000000000000   0.000000000000   
tsb            	|  0.000000000000   0.000000000000   0.046800821384   0.000000000000   0.000000000000   
tuesday        	|  0.031866754923   0.000000000000   0.000000000000   0.039192056059   0.040925145224   
tunnel         	|  0.063733509845   0.000000000000   0.000000000000   0.078384112119   0.081850290448   
tv             	|  0.000000000000   0.039284057781   0.000000000000   0.000000000000   0.000000000000   
tycoon         	|  0.000000000000   0.039284057781   0.000000000000   0.000000000000   0.000000000000   
u.s.           	|  0.000000000000   0.000000000000   0.046800821384   0.000000000000   0.000000000000   
uncertain      	|  0.000000000000   0.000000000000   0.046800821384   0.000000000000   0.000000000000   
uncertainti    	|  0.031866754923   0.000000000000   0.000000000000   0.039192056059   0.040925145224   
underway       	|  0.000000000000   0.039284057781   0.000000000000   0.000000000000   0.000000000000   
union          	|  0.000000000000   0.000000000000   0.046800821384   0.000000000000   0.000000000000   
unit           	|  0.000000000000   0.000000000000   0.140402464151   0.000000000000   0.000000000000   
unlik          	|  0.000000000000   0.031694130465   0.037758608010   0.000000000000   0.000000000000   
unpaid         	|  0.047582798815   0.000000000000   0.000000000000   0.000000000000   0.000000000000   
unspecif       	|  0.000000000000   0.039284057781   0.000000000000   0.000000000000   0.000000000000   
urg            	|  0.047582798815   0.000000000000   0.000000000000   0.000000000000   0.000000000000   
use            	|  0.000000000000   0.117852173343   0.000000000000   0.000000000000   0.000000000000   
volum          	|  0.000000000000   0.000000000000   0.046800821384   0.000000000000   0.000000000000   
want           	|  0.095165597630   0.000000000000   0.000000000000   0.000000000000   0.000000000000   
warrant        	|  0.031866754923   0.000000000000   0.000000000000   0.039192056059   0.040925145224   
wednesday      	|  0.000000000000   0.039284057781   0.000000000000   0.000000000000   0.000000000000   
week           	|  0.031866754923   0.000000000000   0.000000000000   0.117576168178   0.122775435673   
welcom         	|  0.000000000000   0.039284057781   0.000000000000   0.000000000000   0.000000000000   
wide           	|  0.026807318853   0.022131952912   0.000000000000   0.032969593103   0.034427522344   
wide-rang      	|  0.000000000000   0.039284057781   0.000000000000   0.000000000000   0.000000000000   
wipe           	|  0.031866754923   0.000000000000   0.000000000000   0.039192056059   0.040925145224   
work           	|  0.026807318853   0.000000000000   0.026366766409   0.032969593103   0.034427522344   
worker         	|  0.000000000000   0.000000000000   0.046800821384   0.000000000000   0.000000000000   
worldwid       	|  0.000000000000   0.000000000000   0.046800821384   0.000000000000   0.000000000000   
worth          	|  0.000000000000   0.000000000000   0.046800821384   0.000000000000   0.000000000000   
wrangl         	|  0.000000000000   0.000000000000   0.000000000000   0.047214206055   0.049302038059   
wrestl         	|  0.031866754923   0.000000000000   0.000000000000   0.039192056059   0.040925145224   
year           	|  0.160843913119   0.044263905824   0.000000000000   0.032969593103   0.034427522344   
